################################################################################
# Symmetry function scaling data.
################################################################################
# Col  Name     Description
################################################################################
# 1    e_index  Element index.
# 2    sf_index Symmetry function index.
# 3    sf_min   Symmetry function minimum.
# 4    sf_max   Symmetry function maximum.
# 5    sf_mean  Symmetry function mean.
# 6    sf_sigma Symmetry function sigma.
#########################################################################################################################
#        1          2                        3                        4                        5                        6
#  e_index   sf_index                   sf_min                   sf_max                  sf_mean                 sf_sigma
#########################################################################################################################
         1          1   6.8628089801601490E-03   1.1957675934624430E-01   3.2679923712484273E-02   6.7159179081565032E-03
         1          2   7.7292062265795825E-02   2.4135525089606075E-01   1.5462278503918139E-01   9.6049169715862557E-03
         1          3   0.0000000000000000E+00   1.2153118258062539E-02   6.5654509614681360E-06   6.3885950957580438E-05
         1          4   0.0000000000000000E+00   2.4228353169669505E-02   8.7959765865179885E-05   5.3032188646957358E-04
         1          5   7.3257711551732441E-02   4.5340666535482133E-01   1.8944803319760270E-01   3.0379288531427281E-02
         1          6   2.5235831907438389E-01   5.3477297118344569E-01   3.5944722761766240E-01   3.2516782520818049E-02
         1          7   0.0000000000000000E+00   8.3978688409774474E-02   1.6442128853352836E-04   9.5265188356326042E-04
         1          8   0.0000000000000000E+00   1.2857767509101034E-01   1.1061959682748983E-03   5.3447323140823916E-03
         1          9   2.2494138729779894E-01   1.1515726003721094E+00   5.3137438994463482E-01   1.0214952083597700E-01
         1         10   2.1111310814487666E-01   6.5568847978630551E-01   4.0137359086525648E-01   7.3356871376644955E-02
         1         11   0.0000000000000000E+00   2.1347939465350058E-01   1.8029011078407808E-03   7.0205933399461826E-03
         1         12   0.0000000000000000E+00   2.6172193909483354E-01   5.7754128457545495E-03   2.2818479231303167E-02
         1         13   1.5660434406210272E-01   1.8651904327888176E+00   9.0563489720370483E-01   1.7638782570766515E-01
         1         14   5.9897508023334572E-02   8.4515147596580509E-01   3.8184738000598578E-01   8.4455129282577160E-02
         1         15   0.0000000000000000E+00   3.3354000944001627E-01   8.7196576565065111E-03   2.5673768244698282E-02
         1         16   0.0000000000000000E+00   4.0955059163432456E-01   1.3595571878536983E-02   4.3258105120490421E-02
         1         17   5.9404760668495177E-02   1.9458869529847413E+00   1.0982672988777311E+00   1.9268659410020675E-01
         1         18   1.5717631952327987E-02   1.0394020283226477E+00   4.8696236045502006E-01   1.1227903725782190E-01
         1         19   0.0000000000000000E+00   4.6267309624345715E-01   1.9145442406817020E-02   4.6389562432135621E-02
         1         20   0.0000000000000000E+00   5.0452769306063106E-01   1.7751698690816525E-02   4.3673055072813875E-02
         1         21   1.0683166664060610E-01   1.7778525601036799E+00   1.0398165718204395E+00   1.6787578689207486E-01
         1         22   3.0425598607169573E-02   9.5775415344698134E-01   5.4924365815380927E-01   9.5528888323876210E-02
         1         23   0.0000000000000000E+00   4.3350148605813299E-01   2.0761009959862412E-02   4.3572784873054445E-02
         1         24   0.0000000000000000E+00   4.1377944977335318E-01   1.7318893023273555E-02   3.5624260683349861E-02
         1         25   7.1218693686894360E-02   1.2509272881567097E+00   7.8401953787829992E-01   1.1136044617940519E-01
         1         26   4.5039651774951311E-02   6.9825549901781159E-01   4.1250132889925256E-01   6.6457479139511055E-02
         1         27   0.0000000000000000E+00   3.0222406355148357E-01   1.3623294265112874E-02   2.5963273143196842E-02
         1         28   0.0000000000000000E+00   3.4506036370633580E-01   1.3615516643074480E-02   2.5642939900574573E-02
         1         29   5.0336298079825932E-02   7.1155655782117611E-01   4.3640596830142780E-01   6.0195642813293843E-02
         1         30   1.2440070129274089E-02   3.7559822345168487E-01   2.1571743307223229E-01   3.5842774672550065E-02
         1         31   0.0000000000000000E+00   1.5899130941890630E-01   7.1151900673480590E-03   1.2852664357498496E-02
         1         32   0.0000000000000000E+00   1.8054767628702673E-01   7.8508919972702772E-03   1.3900886782369568E-02
         1         33   2.3104389054414996E-02   2.6636711659419654E-01   1.6861272192598800E-01   2.3490847422727626E-02
         1         34   7.5945411159378971E-03   1.5107942487112316E-01   8.2162151661145516E-02   1.4319256143986388E-02
         1         35   0.0000000000000000E+00   6.1595830271690820E-02   3.0100811416582424E-03   5.1555080817078051E-03
         1         36   0.0000000000000000E+00   6.4337694019101777E-02   3.1473111140984493E-03   5.3704169745402092E-03
         1         37   6.8644725309393063E-03   7.2581079084968081E-02   4.2083424915778302E-02   6.0691036990614166E-03
         1         38   2.3760191217101316E-03   4.0860381770717713E-02   2.0860626578919128E-02   3.9102436697706754E-03
         1         39   0.0000000000000000E+00   1.4500198000783740E-02   8.3135176943482524E-04   1.3683032024505012E-03
         1         40   0.0000000000000000E+00   1.5942811038440748E-02   8.1131902227899269E-04   1.3674003711930708E-03
         1         41   2.6508364687502842E-04   8.1883920488753315E-02   2.2145018236298355E-02   7.4195926505166128E-03
         1         42   4.1471980477846551E-03   1.1427859762635595E-01   4.1559103278443255E-02   1.1621514442434838E-02
         1         43   0.0000000000000000E+00   1.5171650495170257E-02   3.7468941400030560E-04   9.2691074484858426E-04
         1         44   0.0000000000000000E+00   2.0753181221499325E-02   5.4080866286582336E-04   1.6002241613931830E-03
         1         45   9.8012617964665546E-06   4.0361505343063216E-02   1.4305935566733251E-02   5.0227926627380804E-03
         1         46   0.0000000000000000E+00   1.7135314117890117E-02   3.4157426940489198E-04   9.2891215595386966E-04
         1         47   0.0000000000000000E+00   1.9776812222370450E-02   5.5788007629437356E-04   1.6722024105763264E-03
         1         48   0.0000000000000000E+00   1.0315405940231584E-03   4.2072160323042617E-06   2.6800417791044335E-05
         1         49   0.0000000000000000E+00   6.3056781605880944E-03   3.3554438166466344E-05   1.8988496524751178E-04
         1         50   0.0000000000000000E+00   2.2553320622774953E-03   4.6549317385567190E-06   5.4050812573649046E-05
         1         51   1.6526475284853136E-03   1.6670206887951922E-01   5.8447956110340371E-02   1.5944695349536891E-02
         1         52   4.0824863462405436E-02   3.1156825606727157E-01   1.5319934724891776E-01   2.7618632838758157E-02
         1         53   0.0000000000000000E+00   2.3331937556756624E-02   7.9457255175335211E-04   1.7364408643807446E-03
         1         54   0.0000000000000000E+00   3.3425583872751137E-02   1.2480590013070826E-03   2.8995694540411197E-03
         1         55   3.4787125158716498E-04   3.8500057122378674E-02   1.3374516550607903E-02   3.6234971593542332E-03
         1         56   0.0000000000000000E+00   2.8067314358395126E-02   1.0281941503783680E-03   2.4805823098147154E-03
         1         57   0.0000000000000000E+00   1.1121900676492370E-02   4.0399772873695702E-04   8.3888916035473914E-04
         1         58   0.0000000000000000E+00   1.9530156216348816E-03   7.6574615489526569E-06   4.6592530526024510E-05
         1         59   0.0000000000000000E+00   1.7001738555624393E-02   1.1806396034788396E-04   5.9522047207996945E-04
         1         60   0.0000000000000000E+00   3.1254110232103423E-03   7.8347161334641983E-06   8.3151497379530280E-05
         1         61   2.9513347019624658E-06   2.1043972724781521E-02   4.1633935108158267E-03   1.8189312598730447E-03
         1         62   3.7377035294098706E-06   3.9846619762395917E-02   1.1773650029578940E-02   4.9750333970779315E-03
         1         63   0.0000000000000000E+00   5.0677717711770879E-03   3.9589774909922183E-05   1.2466719044867248E-04
         1         64   0.0000000000000000E+00   9.1535838243238469E-03   1.4076205686112058E-04   5.3244961644864446E-04
         1         65   1.4084189153235685E-08   2.4730893929159326E-02   7.7293155624460911E-03   3.9920435233099256E-03
         1         66   0.0000000000000000E+00   1.2307755936866191E-02   4.2328896718816340E-05   1.5516058413191946E-04
         1         67   0.0000000000000000E+00   1.5112723374941061E-02   3.1905383847619231E-04   1.2068092167143558E-03
         1         68   0.0000000000000000E+00   1.9722283629013080E-04   3.4039153836755667E-07   2.8719104889673674E-06
         1         69   0.0000000000000000E+00   7.6485585939080098E-04   1.6393740164189780E-06   1.3443891012680478E-05
         1         70   0.0000000000000000E+00   3.4563407751817411E-04   4.4535825700388316E-07   5.8195380962054903E-06
         1         71   1.1748410180946755E-03   8.0766864027930291E-02   3.2717855602041435E-02   8.2108029532781644E-03
         1         72   2.7675708810979457E-02   2.0939207783486152E-01   1.0705173003565112E-01   1.8286465156734953E-02
         1         73   0.0000000000000000E+00   9.2264424376569017E-03   3.2268992126722107E-04   6.6679042142221093E-04
         1         74   0.0000000000000000E+00   1.7573261790513738E-02   6.8168053039448131E-04   1.4972854514087724E-03
         1         75   8.3970157052777952E-05   1.5325459825545520E-02   5.5738770856402975E-03   1.4926097473957599E-03
         1         76   0.0000000000000000E+00   1.3334144144198928E-02   5.5061342100124540E-04   1.3138376056778761E-03
         1         77   0.0000000000000000E+00   4.8266873042714349E-03   1.4250477047080242E-04   2.8071492478972309E-04
         1         78   0.0000000000000000E+00   6.5485969297227184E-04   2.4799065571695151E-06   1.5540461672469656E-05
         1         79   0.0000000000000000E+00   7.9867299987696223E-03   6.2172249489519593E-05   2.9785170083494945E-04
         1         80   0.0000000000000000E+00   8.2727639599766245E-04   2.4520639275342765E-06   2.3720082243928214E-05
         2          1   1.8529735757303203E-01   4.4168556109890050E-01   3.0924557007836279E-01   1.4832232633760250E-02
         2          2   1.7502918131098246E-08   1.5721751926205604E-03   1.5622507240302313E-04   1.1086795398193673E-04
         2          3   0.0000000000000000E+00   7.1534766632260363E-03   4.6781772760681716E-05   1.9015582077720199E-04
         2          4   0.0000000000000000E+00   3.5851010238434062E-04   7.0606190249907052E-07   3.8753315054561605E-06
         2          5   5.8399937784099631E-01   1.0703338130342326E+00   7.1889445523532491E-01   4.6103501848031032E-02
         2          6   3.2426355366510548E-06   2.8331449311016301E-02   4.6942565075849792E-03   2.5844657134055649E-03
         2          7   0.0000000000000000E+00   5.9520478878508844E-02   8.5180263248836683E-04   2.9811260416277674E-03
         2          8   0.0000000000000000E+00   7.1458921370333639E-03   3.3365569071088839E-05   1.4062500900757996E-04
         2          9   4.7563651106792249E-01   1.2634719795946998E+00   8.0274718173051307E-01   1.1043282643905791E-01
         2         10   2.2409175183049079E-04   2.0426156601340389E-01   5.5633700261143858E-02   2.2608734377729842E-02
         2         11   0.0000000000000000E+00   2.2513595345367007E-01   6.1123850216927714E-03   1.8787699506422482E-02
         2         12   0.0000000000000000E+00   6.5928070407998113E-02   6.2587543160873337E-04   2.1186519791465412E-03
         2         13   1.5245379782001617E-01   1.4596483635796877E+00   7.6369476001197156E-01   1.5014546046220720E-01
         2         14   4.6306842559383733E-03   6.2447362078375923E-01   2.6812666653812262E-01   7.4438016278892308E-02
         2         15   0.0000000000000000E+00   4.5097825241083561E-01   1.7758067319565730E-02   4.8718215976119000E-02
         2         16   0.0000000000000000E+00   2.4977517234446384E-01   4.7444674228560007E-03   1.3283012005616608E-02
         2         17   1.1492063092564005E-01   1.9288464328443902E+00   9.7392472091003990E-01   1.8955151800951398E-01
         2         18   3.4104131030855828E-02   1.1099886630765570E+00   5.6118479299524093E-01   1.0545334073491648E-01
         2         19   0.0000000000000000E+00   5.0560730702105150E-01   2.2587721860952700E-02   5.5176714473362046E-02
         2         20   0.0000000000000000E+00   4.6448485667563277E-01   1.5074583347081201E-02   3.5593851993274861E-02
         2         21   1.2449635241865045E-01   1.7786075981643625E+00   1.0984873163076185E+00   1.6963560524806315E-01
         2         22   8.9635227704540799E-02   1.0153973104797089E+00   5.9061067086037566E-01   1.0301644039517217E-01
         2         23   0.0000000000000000E+00   4.1182066601922984E-01   1.6437570406720427E-02   3.4488760387647650E-02
         2         24   0.0000000000000000E+00   4.6997425825087114E-01   2.1654762144527433E-02   4.4263660158228336E-02
         2         25   1.0285481020339869E-01   1.2735421701542631E+00   8.2500265779850535E-01   1.1345886757737976E-01
         2         26   4.5947698867658267E-02   6.7997409937114650E-01   4.0279545218831336E-01   6.8068718879361764E-02
         2         27   0.0000000000000000E+00   3.4613690731413782E-01   1.1313193887363846E-02   2.1953170101968032E-02
         2         28   0.0000000000000000E+00   2.9115547686307525E-01   1.6328439030795481E-02   3.0342541665549502E-02
         2         29   4.4321353606719696E-02   6.7247200382276850E-01   4.3143486614446458E-01   5.8768342612113521E-02
         2         30   1.9162119995123950E-02   3.6418004522545877E-01   2.1398174763165234E-01   3.6327561053497784E-02
         2         31   0.0000000000000000E+00   1.7321486891927798E-01   7.3489942775592622E-03   1.3393213401539227E-02
         2         32   0.0000000000000000E+00   1.7548339042144118E-01   8.0470228017270103E-03   1.4050902456289533E-02
         2         33   2.1667129587890386E-02   2.5925120846857236E-01   1.6432430332229100E-01   2.3224885805340597E-02
         2         34   5.4026113250930322E-03   1.5019206804172747E-01   8.3294550798210992E-02   1.5616104553178958E-02
         2         35   0.0000000000000000E+00   6.7166225549577546E-02   3.2116321497672237E-03   5.4160249691682372E-03
         2         36   0.0000000000000000E+00   6.2499171966969906E-02   2.9710868192034537E-03   4.9247647392523597E-03
         2         37   6.3529136594035482E-03   6.8220930619322218E-02   4.1721253157838256E-02   6.2117116986131022E-03
         2         38   2.0020230779280485E-03   3.8724603372793702E-02   2.0767132668781354E-02   4.0179796192581236E-03
         2         39   0.0000000000000000E+00   1.4232424679485834E-02   8.3746269074003231E-04   1.3644561121105951E-03
         2         40   0.0000000000000000E+00   1.5370329128991455E-02   7.6060789112735827E-04   1.2374202757477260E-03
         2         41   2.4518871463600357E-02   1.7577364274261542E-01   8.5474454795800986E-02   1.6963889867900307E-02
         2         42   5.3015547518569042E-04   5.9385971022545253E-02   2.1009979300070196E-02   6.1678364677834330E-03
         2         43   0.0000000000000000E+00   3.1655382272227597E-02   1.3600379003195903E-03   3.5662508681185093E-03
         2         44   0.0000000000000000E+00   1.3667478630987879E-02   4.0928230330172110E-04   9.4242611568998212E-04
         2         45   4.4773566473289198E-07   6.0761076519700637E-03   1.2946666174117355E-03   5.5222665141268785E-04
         2         46   0.0000000000000000E+00   5.9306197241906031E-03   1.5707050032669903E-04   4.1442974202656998E-04
         2         47   0.0000000000000000E+00   1.8545184709934809E-03   5.6369814989269459E-05   1.1829236044641086E-04
         2         48   0.0000000000000000E+00   2.0495470161189335E-03   7.6923653949715958E-06   5.5893887988639449E-05
         2         49   0.0000000000000000E+00   3.2008758629789272E-03   2.5387923300847940E-05   1.0709673030440296E-04
         2         50   0.0000000000000000E+00   7.0266227894610987E-04   2.1516608605343740E-06   1.9765860435694230E-05
         2         51   1.5557673456972782E-02   2.4373947459781498E-01   1.0928399573156002E-01   2.3165991132575062E-02
         2         52   3.5012740399387515E-03   2.1614264596788424E-01   8.9711829169294446E-02   2.1704258968250813E-02
         2         53   0.0000000000000000E+00   3.6983956021114497E-02   1.3794989392469299E-03   3.1814317731270968E-03
         2         54   0.0000000000000000E+00   4.3089729443769403E-02   1.5144733067609403E-03   3.4433007508529860E-03
         2         55   3.3536907377261672E-06   1.5431709232707187E-02   3.6642594730336695E-03   1.3796616925659522E-03
         2         56   0.0000000000000000E+00   1.7434497227539838E-02   5.3858254746998668E-04   1.3306309549508031E-03
         2         57   0.0000000000000000E+00   3.3989304009124236E-03   1.4867099191315426E-04   2.8730138280618275E-04
         2         58   0.0000000000000000E+00   2.3310051012804872E-03   9.9601077275328620E-06   6.4488086515560039E-05
         2         59   0.0000000000000000E+00   8.5446653470745548E-03   1.0535954244719637E-04   4.1961896582686908E-04
         2         60   0.0000000000000000E+00   1.7375724285293701E-03   5.1048725626876682E-06   4.7584396211512638E-05
         2         61   2.9905174313977685E-03   5.9651048079084688E-02   2.2781799871766956E-02   5.6934588516586188E-03
         2         62   8.9083750513123817E-05   1.3100119826958696E-02   4.4774589129962222E-03   1.4641325840738849E-03
         2         63   0.0000000000000000E+00   1.0557246843176766E-02   4.0300031719835470E-04   1.1535608529509734E-03
         2         64   0.0000000000000000E+00   4.3118805318227028E-03   7.1300862510871168E-05   1.9023821953922007E-04
         2         65   2.3947562348586886E-09   7.0712616859273741E-04   9.8283878448573723E-05   5.9291388561978619E-05
         2         66   0.0000000000000000E+00   8.3375035859687210E-04   1.4001979988527612E-05   4.2922087354747886E-05
         2         67   0.0000000000000000E+00   1.6847054765587612E-04   3.3125343069603581E-06   8.8216042617969314E-06
         2         68   0.0000000000000000E+00   4.5937909945686147E-04   1.1709278210476586E-06   1.0336345254998773E-05
         2         69   0.0000000000000000E+00   2.4730864394567820E-04   8.3794953392974800E-07   5.1196671668798334E-06
         2         70   0.0000000000000000E+00   8.4711547976778519E-05   9.7359514069770478E-08   1.0624289198089005E-06
         2         71   3.5521743687383176E-03   1.1035802724825634E-01   4.8631237563170573E-02   1.1411721080405569E-02
         2         72   2.7067276171950615E-03   1.5321828341519922E-01   6.8489109025133957E-02   1.5976043278450716E-02
         2         73   0.0000000000000000E+00   1.7458669623379327E-02   4.3522399619457718E-04   9.2957847941409189E-04
         2         74   0.0000000000000000E+00   3.3776815197514853E-02   1.0327696875614360E-03   2.4557074605794714E-03
         2         75   2.3773447755568234E-06   7.1947889121211491E-03   1.7840898421410374E-03   6.2804657118346386E-04
         2         76   0.0000000000000000E+00   9.1401563692650300E-03   3.0065833356753685E-04   7.1953277521889293E-04
         2         77   0.0000000000000000E+00   1.4711199704224875E-03   6.5016224539148345E-05   1.2065980657868982E-04
         2         78   0.0000000000000000E+00   5.0357454333923798E-04   2.6342069780356133E-06   1.5417558837035182E-05
         2         79   0.0000000000000000E+00   4.5308729287467679E-03   5.9151462472027914E-05   2.3132777028384295E-04
         2         80   0.0000000000000000E+00   6.7635738842618145E-04   1.9312829535660399E-06   1.8143620987594570E-05
         3          1   0.0000000000000000E+00   1.7045224265860803E-02   2.0432986940747478E-04   3.9588899168248694E-04
         3          2   0.0000000000000000E+00   9.9477398651072087E-03   7.2797082599050645E-04   8.8160256495726000E-04
         3          3   0.0000000000000000E+00   1.9750375508442333E-05   3.3193865084848282E-07   1.2715017117325441E-06
         3          4   0.0000000000000000E+00   1.6207929323132483E-03   1.7526513471990401E-04   1.8695873243227340E-04
         3          5   0.0000000000000000E+00   1.3198796528567019E-01   5.1171169522149550E-03   6.3954603803368362E-03
         3          6   0.0000000000000000E+00   1.0304042378316129E-01   1.3254894574551141E-02   1.4396931853815697E-02
         3          7   0.0000000000000000E+00   8.0875915718302336E-04   2.2148476535377204E-05   6.7180941879215034E-05
         3          8   0.0000000000000000E+00   3.1768997648812379E-02   4.8751245125162150E-03   4.3352562280705772E-03
         3          9   0.0000000000000000E+00   4.4647053602024089E-01   5.6109862076758443E-02   5.4235017562403925E-02
         3         10   0.0000000000000000E+00   5.0370685430649687E-01   9.5114778907084030E-02   9.4965795202044997E-02
         3         11   0.0000000000000000E+00   1.3429053247353434E-02   6.4435123155832605E-04   1.4210152115850989E-03
         3         12   0.0000000000000000E+00   2.3563345588508677E-01   5.2990312352399732E-02   4.0415082095512825E-02
         3         13   0.0000000000000000E+00   1.3522072509725089E+00   2.7137305886349183E-01   2.3354262297060255E-01
         3         14   0.0000000000000000E+00   1.1072669124278314E+00   2.7633315652125590E-01   2.5871121933793756E-01
         3         15   0.0000000000000000E+00   9.5425128929581410E-02   8.6237944863921789E-03   1.2601509870955175E-02
         3         16   0.0000000000000000E+00   6.6025315580486998E-01   2.2681401309868776E-01   1.5403794325665274E-01
         3         17   0.0000000000000000E+00   1.9884274252726650E+00   5.9584418034530084E-01   4.8424887312820125E-01
         3         18   0.0000000000000000E+00   1.2046407044578133E+00   3.5148737574522687E-01   3.1083483929786737E-01
         3         19   0.0000000000000000E+00   3.3908521857233270E-01   5.3953071236488549E-02   5.2763583347597544E-02
         3         20   0.0000000000000000E+00   8.0796669476874394E-01   3.8699284127734718E-01   2.4234823128220867E-01
         3         21   0.0000000000000000E+00   1.8206843860620026E+00   6.4612385025222518E-01   4.9741915750895827E-01
         3         22   0.0000000000000000E+00   8.5355719825116894E-01   2.5578491365582445E-01   2.0806220922038207E-01
         3         23   0.0000000000000000E+00   5.3820742702909097E-01   1.5367886286547799E-01   1.2188118122564502E-01
         3         24   0.0000000000000000E+00   5.6697062426908673E-01   2.7167332051598070E-01   1.6003946148995096E-01
         3         25   0.0000000000000000E+00   1.1733754673259151E+00   4.2398396613225864E-01   3.0426530795175044E-01
         3         26   0.0000000000000000E+00   5.7749575112889251E-01   1.7604452787425739E-01   1.2966260538815666E-01
         3         27   0.0000000000000000E+00   5.2056222584636724E-01   1.9255066625752845E-01   1.4420315450501917E-01
         3         28   0.0000000000000000E+00   2.4434961096821925E-01   9.4124602657246689E-02   5.3479537805930080E-02
         3         29   0.0000000000000000E+00   5.9070491490004517E-01   2.2143884187134144E-01   1.4967100524694182E-01
         3         30   0.0000000000000000E+00   3.1826646592384306E-01   1.1435764655183543E-01   7.9596435794798512E-02
         3         31   0.0000000000000000E+00   2.5702402198156588E-01   1.0549324035177519E-01   7.4955104148418508E-02
         3         32   0.0000000000000000E+00   1.1721168663262470E-01   3.5975526582833497E-02   2.4989769936369539E-02
         3         33   0.0000000000000000E+00   2.6361611458349765E-01   9.3679701545344538E-02   6.1348106345240155E-02
         3         34   0.0000000000000000E+00   1.3924342448824270E-01   4.9976184545291312E-02   3.3601025952626110E-02
         3         35   0.0000000000000000E+00   7.9249152762785227E-02   2.7257051488658878E-02   1.7376006985271347E-02
         3         36   0.0000000000000000E+00   5.7540248858046143E-02   1.8213623083129390E-02   1.4241244508150817E-02
         3         37   0.0000000000000000E+00   6.5044033376721239E-02   2.5873317686361214E-02   1.6627236291094073E-02
         3         38   0.0000000000000000E+00   3.6585235077396097E-02   1.3031750845206093E-02   8.5224110089814550E-03
         3         39   0.0000000000000000E+00   1.2849573340318964E-02   4.3568002874633683E-03   2.5917881510375816E-03
         3         40   0.0000000000000000E+00   1.5544796593502299E-02   5.2926568491373435E-03   4.0381360107452869E-03
         3         41   0.0000000000000000E+00   3.1906878943012987E-02   2.9204088430573060E-03   3.2038065317875238E-03
         3         42   0.0000000000000000E+00   5.0351319099674961E-02   4.7456227687061956E-03   5.6118602723082859E-03
         3         43   0.0000000000000000E+00   1.9965932217645209E-03   1.5691954030554701E-04   2.0821011011413378E-04
         3         44   0.0000000000000000E+00   1.0781946977412601E-02   1.1611163515406759E-03   1.2006085635863312E-03
         3         45   0.0000000000000000E+00   2.0261240750039225E-02   1.8552864775655869E-03   2.4722567486882697E-03
         3         46   0.0000000000000000E+00   2.1043864080897358E-03   1.0032446303859614E-04   1.6993638776336185E-04
         3         47   0.0000000000000000E+00   4.4197444558389202E-03   7.7370269335294214E-04   6.9595555525756362E-04
         3         48   0.0000000000000000E+00   4.4485837732794608E-04   3.8147029425508849E-05   5.4430275239378963E-05
         3         49   0.0000000000000000E+00   3.0935650518986264E-03   5.3996545713558600E-04   5.4865566709723379E-04
         3         50   0.0000000000000000E+00   4.2961166261486902E-03   7.5288711719013199E-04   7.3767886184034797E-04
         3         51   0.0000000000000000E+00   1.1569535651499026E-01   1.5274468109625523E-02   1.4327073541495098E-02
         3         52   0.0000000000000000E+00   2.3399670264467648E-01   3.7884290085019506E-02   3.5566869022828462E-02
         3         53   0.0000000000000000E+00   6.2558275394091903E-03   5.8158510620479878E-04   6.9129054421816750E-04
         3         54   0.0000000000000000E+00   2.6653534186810973E-02   3.5575492435611093E-03   3.4740277061319769E-03
         3         55   0.0000000000000000E+00   3.6226813183951476E-02   3.5572395333446816E-03   4.2281435296672287E-03
         3         56   0.0000000000000000E+00   8.4857128595352809E-03   4.4905554893756914E-04   7.5287019327105725E-04
         3         57   0.0000000000000000E+00   6.6833044747385516E-03   1.2608576710795212E-03   1.0927564033256525E-03
         3         58   0.0000000000000000E+00   1.2845270742236048E-03   1.1343312516854916E-04   1.5541438544885771E-04
         3         59   0.0000000000000000E+00   1.3976954464716513E-02   2.7633409496438275E-03   2.6498546264880642E-03
         3         60   0.0000000000000000E+00   4.9098550821238948E-03   8.5929940051697603E-04   8.3975903290721833E-04
         3         61   0.0000000000000000E+00   2.9120819520400418E-03   1.4830468155004083E-04   2.1340135752708275E-04
         3         62   0.0000000000000000E+00   5.7240063184005189E-03   3.7074295137559475E-04   5.3678022603841590E-04
         3         63   0.0000000000000000E+00   1.3782119468350241E-04   6.3071181283065876E-06   1.3400480143143567E-05
         3         64   0.0000000000000000E+00   1.2808439736221168E-03   9.5363842439046191E-05   1.1704510724838619E-04
         3         65   0.0000000000000000E+00   3.0398437060579092E-03   2.3161344563766133E-04   3.4828466341497088E-04
         3         66   0.0000000000000000E+00   1.1934878908113722E-04   4.7810705992204145E-06   9.1891711783626117E-06
         3         67   0.0000000000000000E+00   6.0530957949292842E-04   9.8296728779124825E-05   1.0270924980310726E-04
         3         68   0.0000000000000000E+00   1.5333219773648045E-05   8.2037019257017810E-07   1.4820319092819700E-06
         3         69   0.0000000000000000E+00   1.3437313154499551E-04   9.5891106943620518E-06   1.4240253806773979E-05
         3         70   0.0000000000000000E+00   8.1411086462696827E-04   9.8290782543942199E-05   1.0399760993748188E-04
         3         71   0.0000000000000000E+00   6.7752691623758021E-02   1.0226067809219086E-02   9.1708512841946893E-03
         3         72   0.0000000000000000E+00   1.6251120704900315E-01   3.0429539692704084E-02   2.7544566133105880E-02
         3         73   0.0000000000000000E+00   3.0680776725356142E-03   3.1303904320435604E-04   3.5898120878288526E-04
         3         74   0.0000000000000000E+00   1.3127363017256614E-02   1.8745727958043577E-03   1.8098369186057236E-03
         3         75   0.0000000000000000E+00   1.3382161864601956E-02   1.4031530015673279E-03   1.5270962955326727E-03
         3         76   0.0000000000000000E+00   4.7059338376375980E-03   2.7257686144533278E-04   4.5089815782065604E-04
         3         77   0.0000000000000000E+00   2.4426542690321970E-03   4.0917269222412944E-04   3.5731104460596087E-04
         3         78   0.0000000000000000E+00   5.5848740360277249E-04   4.8880540293453904E-05   6.6051516882398030E-05
         3         79   0.0000000000000000E+00   8.2952519562855993E-03   1.6744716171268543E-03   1.5824100825171255E-03
         3         80   0.0000000000000000E+00   1.1805836372599052E-03   1.5954026747322809E-04   1.6655922739673229E-04
         4          1   0.0000000000000000E+00   2.9628970557352009E-02   2.7374825549417049E-03   3.3952092042429578E-03
         4          2   0.0000000000000000E+00   3.5938101972187749E-04   1.0987024134208695E-05   1.5400085874635970E-05
         4          3   0.0000000000000000E+00   2.3120351947279677E-03   1.7526513471990401E-04   1.9844479696024884E-04
         4          4   0.0000000000000000E+00   1.6256207898209551E-05   2.4813053310195917E-07   9.0124944253511660E-07
         4          5   0.0000000000000000E+00   2.1857569910561764E-01   3.4427014848366425E-02   3.7420725475766504E-02
         4          6   0.0000000000000000E+00   7.2198261399233814E-03   5.1920137786522593E-04   5.8865897073188446E-04
         4          7   0.0000000000000000E+00   4.0813683853537376E-02   4.8751245125162167E-03   4.5207405079467694E-03
         4          8   0.0000000000000000E+00   6.6491749678080595E-04   1.8458379502248706E-05   5.1386823339322995E-05
         4          9   0.0000000000000000E+00   7.9002099781460078E-01   1.7974231465181681E-01   1.7864746540228288E-01
         4         10   0.0000000000000000E+00   7.7837259721113966E-02   9.7392430433569360E-03   9.5241974721391870E-03
         4         11   0.0000000000000000E+00   2.7590757397174692E-01   5.2990312352399732E-02   4.1549465820226721E-02
         4         12   0.0000000000000000E+00   1.0576752100378549E-02   5.8117897799391622E-04   1.1978807560101823E-03
         4         13   0.0000000000000000E+00   1.4701487010955774E+00   4.2312119042013163E-01   3.8969839901399622E-01
         4         14   0.0000000000000000E+00   3.4849003643973436E-01   7.3828623091520523E-02   6.4957403834157795E-02
         4         15   0.0000000000000000E+00   7.6286224650704515E-01   2.2681401309868776E-01   1.5715899654948626E-01
         4         16   0.0000000000000000E+00   7.4009750278098044E-02   8.0786494888537442E-03   1.1540088833844764E-02
         4         17   0.0000000000000000E+00   1.9558231647446405E+00   5.5246810867113383E-01   4.6577616655794435E-01
         4         18   0.0000000000000000E+00   7.8928102997425431E-01   2.3457548192488634E-01   1.8975281566362440E-01
         4         19   0.0000000000000000E+00   9.1127800376968238E-01   3.8699284127734718E-01   2.4678295173004322E-01
         4         20   0.0000000000000000E+00   2.7451970597111869E-01   5.0883139032280908E-02   5.0507277033330147E-02
         4         21   0.0000000000000000E+00   1.6094126849997035E+00   5.3899833697580224E-01   4.1606598137265188E-01
         4         22   0.0000000000000000E+00   9.4654672941286822E-01   3.3696959637725943E-01   2.5322654722113236E-01
         4         23   0.0000000000000000E+00   5.5658550767457871E-01   2.7167332051598064E-01   1.6270186948341472E-01
         4         24   0.0000000000000000E+00   5.4200098165411681E-01   1.4448370511588279E-01   1.2068654862831511E-01
         4         25   0.0000000000000000E+00   1.1199422763303928E+00   4.2374191109221132E-01   3.0797635189464595E-01
         4         26   0.0000000000000000E+00   6.4572139132547401E-01   2.5408672110805652E-01   1.8136762198443265E-01
         4         27   0.0000000000000000E+00   2.6109675690843615E-01   9.4124602657246689E-02   5.3050817802633932E-02
         4         28   0.0000000000000000E+00   5.4231007404330656E-01   1.8095216410485562E-01   1.4964006807764330E-01
         4         29   0.0000000000000000E+00   6.3189580710831283E-01   2.4433534664246509E-01   1.6778157292488410E-01
         4         30   0.0000000000000000E+00   3.3451941449388584E-01   1.2521966334420467E-01   8.8294063669703229E-02
         4         31   0.0000000000000000E+00   1.1462925024444980E-01   3.5975526582833497E-02   2.4509212874925124E-02
         4         32   0.0000000000000000E+00   2.6777087753784662E-01   9.9527384216896581E-02   8.1445385098837614E-02
         4         33   0.0000000000000000E+00   2.4645876628874777E-01   9.7950570753273111E-02   6.3753238152320618E-02
         4         34   0.0000000000000000E+00   1.3330110624744640E-01   4.6233060404304499E-02   3.2708118596230018E-02
         4         35   0.0000000000000000E+00   5.9176722418675949E-02   1.8213623083129390E-02   1.4292414939420380E-02
         4         36   0.0000000000000000E+00   7.5146611093486040E-02   2.5945226967510063E-02   1.9568929029051680E-02
         4         37   0.0000000000000000E+00   6.2249529775756367E-02   2.5249858820512203E-02   1.5848215212427789E-02
         4         38   0.0000000000000000E+00   3.6092074901005800E-02   1.1835813866896559E-02   8.2514463834465913E-03
         4         39   0.0000000000000000E+00   1.6526871950997672E-02   5.2926568491373435E-03   3.9895951639801900E-03
         4         40   0.0000000000000000E+00   1.3184586774667995E-02   4.2453265537162627E-03   2.8851660841531963E-03
         4         41   0.0000000000000000E+00   4.2030120196959432E-02   6.1594362653114628E-03   7.7991982172549443E-03
         4         42   0.0000000000000000E+00   1.7477565704912722E-02   2.8606111405504492E-03   3.2170617276967577E-03
         4         43   0.0000000000000000E+00   1.0997298523280701E-02   1.5073673431203905E-03   1.6126283617860981E-03
         4         44   0.0000000000000000E+00   2.3372581238087341E-03   1.6328400408705050E-04   3.1038526737984325E-04
         4         45   0.0000000000000000E+00   2.2365207009031108E-03   3.5545193403039302E-04   3.6993648858559279E-04
         4         46   0.0000000000000000E+00   3.1061048272033641E-03   4.3454182197588795E-04   4.4435442508743557E-04
         4         47   0.0000000000000000E+00   6.3707769320716777E-04   5.2794560373609341E-05   8.6357574898290540E-05
         4         48   0.0000000000000000E+00   6.4347786152370579E-03   7.6762098396914900E-04   7.9553196582981959E-04
         4         49   0.0000000000000000E+00   2.8919828430191159E-03   5.2374919188737155E-04   4.9535854698826338E-04
         4         50   0.0000000000000000E+00   2.7483792330771723E-04   3.1597111906915167E-05   3.6334195716355782E-05
         4         51   0.0000000000000000E+00   1.2024010628987730E-01   2.1677120458125570E-02   2.2563273198503708E-02
         4         52   0.0000000000000000E+00   1.1409022573201938E-01   2.7074935928717535E-02   2.4516385308899651E-02
         4         53   0.0000000000000000E+00   1.9189331715851667E-02   3.2112982519813954E-03   3.1751472058536533E-03
         4         54   0.0000000000000000E+00   7.9271248183162106E-03   6.1412127503629216E-04   1.1044170820388804E-03
         4         55   0.0000000000000000E+00   7.2735513036300357E-03   1.2398673191122303E-03   1.1841304567012064E-03
         4         56   0.0000000000000000E+00   1.0696461538170218E-02   1.6000185424565750E-03   1.5493338906361902E-03
         4         57   0.0000000000000000E+00   1.8535568683976250E-03   1.7304316736510702E-04   2.6418088240956359E-04
         4         58   0.0000000000000000E+00   7.8164288191513928E-03   8.8403221942055788E-04   9.2387110921416196E-04
         4         59   0.0000000000000000E+00   1.3281824677921394E-02   2.7006238435268439E-03   2.4714550808582940E-03
         4         60   0.0000000000000000E+00   7.8662487386356146E-04   9.3877713070284605E-05   1.0666294274512517E-04
         4         61   0.0000000000000000E+00   6.9858865568115823E-03   7.2601992524953015E-04   1.0962580195070521E-03
         4         62   0.0000000000000000E+00   1.8664961299425403E-03   1.8410876788013157E-04   2.5817188301320402E-04
         4         63   0.0000000000000000E+00   2.1390017268800529E-03   1.7234386003261808E-04   2.1484836757934222E-04
         4         64   0.0000000000000000E+00   2.3446771830092181E-04   9.5769427037113452E-06   2.2040879862391637E-05
         4         65   0.0000000000000000E+00   1.8032754863423546E-04   1.2297224897061021E-05   1.5733993927244517E-05
         4         66   0.0000000000000000E+00   4.1074130871629591E-04   2.5159158062092468E-05   3.1564649308406282E-05
         4         67   0.0000000000000000E+00   2.6919102884435249E-05   1.4894179552048999E-06   2.9018847627998042E-06
         4         68   0.0000000000000000E+00   1.0331098012684578E-03   9.9556653055205758E-05   1.0896482665343259E-04
         4         69   0.0000000000000000E+00   1.1311902230104331E-04   8.6754899874183364E-06   1.0722476400402803E-05
         4         70   0.0000000000000000E+00   8.3767052436790759E-06   7.1729447488729705E-07   1.0294889994008381E-06
         4         71   0.0000000000000000E+00   6.7202779227915815E-02   1.3405535793234030E-02   1.2959494784206303E-02
         4         72   0.0000000000000000E+00   8.7918739737818261E-02   2.2506413231515168E-02   1.9823862124589128E-02
         4         73   0.0000000000000000E+00   8.1476106146894187E-03   1.3334235224804190E-03   1.2849488210939797E-03
         4         74   0.0000000000000000E+00   4.4310436683897411E-03   3.4820281115352568E-04   6.1599716122663249E-04
         4         75   0.0000000000000000E+00   3.5909986632348362E-03   6.4020056204516513E-04   5.8864270943557279E-04
         4         76   0.0000000000000000E+00   6.4446382932817252E-03   9.0109118865805600E-04   8.6994759323487500E-04
         4         77   0.0000000000000000E+00   8.3435136257595049E-04   8.2968921940561392E-05   1.2197922635443122E-04
         4         78   0.0000000000000000E+00   1.9429842328526198E-03   1.6704515423832854E-04   1.8487782415895146E-04
         4         79   0.0000000000000000E+00   8.1708157352107184E-03   1.6391804349500986E-03   1.4930587396131665E-03
         4         80   0.0000000000000000E+00   3.5475201367820831E-04   4.0555714913277558E-05   4.6264746112222145E-05
